layer_0
/*
0.5702,-0.8215,0.0000,0.8215,0.5702,0.0000,0.0000,-0.0000,1.0000,-19.3560,-8.7668,0.0000
0.7855,-0.6189,0.0000,0.6189,0.7855,0.0000,0.0000,-0.0000,1.0000,-19.2033,-8.9867,0.0000
0.8849,-0.4657,0.0000,0.4657,0.8849,0.0000,0.0000,-0.0000,1.0000,-18.9664,-9.1734,0.0000
0.9261,-0.3774,0.0000,0.3774,0.9261,0.0000,0.0000,-0.0000,1.0000,-18.6735,-9.3275,0.0000
0.9396,-0.3423,0.0000,0.3423,0.9396,0.0000,0.0000,-0.0000,1.0000,-18.3479,-9.4602,0.0000
0.9411,-0.3381,0.0000,0.3381,0.9411,0.0000,0.0000,-0.0000,1.0000,-18.0142,-9.5818,0.0000
0.9384,-0.3457,0.0000,0.3457,0.9384,0.0000,0.0000,-0.0000,1.0000,-17.6780,-9.7026,0.0000
0.9330,-0.3599,0.0000,0.3599,0.9330,0.0000,0.0000,-0.0000,1.0000,-17.3344,-9.8292,0.0000
0.9166,-0.3997,0.0000,0.3997,0.9166,0.0000,0.0000,-0.0000,1.0000,-16.9930,-9.9608,0.0000
0.8800,-0.4750,0.0000,0.4750,0.8800,0.0000,0.0000,-0.0000,1.0000,-16.6737,-10.1001,0.0000
0.8354,-0.5496,0.0000,0.5496,0.8354,0.0000,0.0000,-0.0000,1.0000,-16.3753,-10.2612,0.0000
0.7920,-0.6106,0.0000,0.6106,0.7920,0.0000,0.0000,-0.0000,1.0000,-16.0814,-10.4545,0.0000
0.7291,-0.6844,0.0000,0.6844,0.7291,0.0000,0.0000,-0.0000,1.0000,-15.7899,-10.6793,0.0000
0.6418,-0.7669,0.0000,0.7669,0.6418,0.0000,0.0000,-0.0000,1.0000,-15.5161,-10.9362,0.0000
0.5543,-0.8323,0.0000,0.8323,0.5543,0.0000,0.0000,-0.0000,1.0000,-15.2724,-11.2274,0.0000
0.4626,-0.8866,0.0000,0.8866,0.4626,0.0000,0.0000,-0.0000,1.0000,-15.0606,-11.5455,0.0000
0.3449,-0.9386,0.0000,0.9386,0.3449,0.0000,0.0000,-0.0000,1.0000,-14.8858,-11.8804,0.0000
0.2253,-0.9743,0.0000,0.9743,0.2253,0.0000,0.0000,-0.0000,1.0000,-14.7567,-12.2317,0.0000
0.1301,-0.9915,0.0000,0.9915,0.1301,0.0000,0.0000,-0.0000,1.0000,-14.6715,-12.6004,0.0000
0.0407,-0.9992,0.0000,0.9992,0.0407,0.0000,0.0000,-0.0000,1.0000,-14.6217,-12.9802,0.0000
-0.0497,-0.9988,0.0000,0.9988,-0.0497,-0.0000,0.0000,-0.0000,1.0000,-14.6060,-13.3638,0.0000
-0.1185,-0.9930,0.0000,0.9930,-0.1185,-0.0000,0.0000,-0.0000,1.0000,-14.6252,-13.7489,0.0000
-0.1573,-0.9876,0.0000,0.9876,-0.1573,-0.0000,0.0000,-0.0000,1.0000,-14.6707,-14.1300,0.0000
-0.1772,-0.9842,0.0000,0.9842,-0.1772,-0.0000,0.0000,-0.0000,1.0000,-14.7285,-14.4927,0.0000
-0.1866,-0.9824,0.0000,0.9824,-0.1866,-0.0000,0.0000,-0.0000,1.0000,-14.7902,-14.8356,0.0000
-0.1794,-0.9838,0.0000,0.9838,-0.1794,-0.0000,0.0000,-0.0000,1.0000,-14.8552,-15.1776,0.0000
-0.1272,-0.9919,0.0000,0.9919,-0.1272,-0.0000,0.0000,-0.0000,1.0000,-14.9188,-15.5264,0.0000
0.0050,-1.0000,0.0000,1.0000,0.0050,0.0000,0.0000,-0.0000,1.0000,-14.9631,-15.8722,0.0000
0.2473,-0.9689,0.0000,0.9689,0.2473,0.0000,0.0000,-0.0000,1.0000,-14.9614,-16.2066,0.0000
0.6064,-0.7952,0.0000,0.7952,0.6064,0.0000,0.0000,-0.0000,1.0000,-14.8852,-16.5052,0.0000
0.9270,-0.3752,0.0000,0.3752,0.9270,0.0000,0.0000,-0.0000,1.0000,-14.7218,-16.7195,0.0000
0.9911,0.1333,0.0000,-0.1333,0.9911,0.0000,0.0000,-0.0000,1.0000,-14.4939,-16.8117,0.0000
0.9003,0.4353,0.0000,-0.4353,0.9003,0.0000,0.0000,-0.0000,1.0000,-14.2323,-16.7766,0.0000
0.8253,0.5646,0.0000,-0.5646,0.8253,0.0000,0.0000,-0.0000,1.0000,-13.9557,-16.6428,0.0000
0.7801,0.6256,0.0000,-0.6256,0.7801,0.0000,0.0000,-0.0000,1.0000,-13.6772,-16.4523,0.0000
0.7546,0.6562,0.0000,-0.6562,0.7546,0.0000,0.0000,-0.0000,1.0000,-13.4004,-16.2303,0.0000
0.7486,0.6630,0.0000,-0.6630,0.7486,0.0000,0.0000,-0.0000,1.0000,-13.1209,-15.9873,0.0000
0.7638,0.6454,0.0000,-0.6454,0.7638,0.0000,0.0000,-0.0000,1.0000,-12.8353,-15.7343,0.0000
0.7909,0.6120,0.0000,-0.6120,0.7909,0.0000,0.0000,-0.0000,1.0000,-12.5401,-15.4849,0.0000
0.8149,0.5795,0.0000,-0.5795,0.8149,0.0000,0.0000,-0.0000,1.0000,-12.2322,-15.2466,0.0000
0.8366,0.5479,0.0000,-0.5479,0.8366,0.0000,0.0000,-0.0000,1.0000,-11.9173,-15.0227,0.0000
0.8675,0.4975,0.0000,-0.4975,0.8675,0.0000,0.0000,-0.0000,1.0000,-11.6089,-14.8207,0.0000
0.9017,0.4323,0.0000,-0.4323,0.9017,0.0000,0.0000,-0.0000,1.0000,-11.3066,-14.6473,0.0000
0.9234,0.3838,0.0000,-0.3838,0.9234,0.0000,0.0000,-0.0000,1.0000,-10.9918,-14.4964,0.0000
0.9339,0.3575,0.0000,-0.3575,0.9339,0.0000,0.0000,-0.0000,1.0000,-10.6588,-14.3581,0.0000
0.9404,0.3402,0.0000,-0.3402,0.9404,0.0000,0.0000,-0.0000,1.0000,-10.3243,-14.2300,0.0000
0.9452,0.3265,0.0000,-0.3265,0.9452,0.0000,0.0000,-0.0000,1.0000,-9.9973,-14.1117,0.0000
0.9454,0.3260,0.0000,-0.3260,0.9454,0.0000,0.0000,-0.0000,1.0000,-9.6655,-13.9971,0.0000
0.9334,0.3589,0.0000,-0.3589,0.9334,0.0000,0.0000,-0.0000,1.0000,-9.3238,-13.8792,0.0000
0.8999,0.4362,0.0000,-0.4362,0.8999,0.0000,0.0000,-0.0000,1.0000,-8.9846,-13.7488,0.0000
0.8259,0.5639,0.0000,-0.5639,0.8259,0.0000,0.0000,-0.0000,1.0000,-8.6633,-13.5931,0.0000
0.6253,0.7804,0.0000,-0.7804,0.6253,0.0000,0.0000,-0.0000,1.0000,-8.3869,-13.4044,0.0000
0.1434,0.9897,0.0000,-0.9897,0.1434,0.0000,0.0000,-0.0000,1.0000,-8.2074,-13.1804,0.0000
-0.4351,0.9004,0.0000,-0.9004,-0.4351,0.0000,0.0000,-0.0000,1.0000,-8.1716,-12.9335,0.0000
-0.7406,0.6720,0.0000,-0.6720,-0.7406,0.0000,0.0000,-0.0000,1.0000,-8.2868,-12.6951,0.0000
-0.8626,0.5059,0.0000,-0.5059,-0.8626,0.0000,0.0000,-0.0000,1.0000,-8.5114,-12.4912,0.0000
-0.9184,0.3957,0.0000,-0.3957,-0.9184,0.0000,0.0000,-0.0000,1.0000,-8.7883,-12.3289,0.0000
-0.9433,0.3318,0.0000,-0.3318,-0.9433,0.0000,0.0000,-0.0000,1.0000,-9.0924,-12.1979,0.0000
-0.9500,0.3123,0.0000,-0.3123,-0.9500,0.0000,0.0000,-0.0000,1.0000,-9.4226,-12.0817,0.0000
-0.9438,0.3305,0.0000,-0.3305,-0.9438,0.0000,0.0000,-0.0000,1.0000,-9.7701,-11.9675,0.0000
-0.9293,0.3694,0.0000,-0.3694,-0.9293,0.0000,0.0000,-0.0000,1.0000,-10.1220,-11.8442,0.0000
-0.9113,0.4118,0.0000,-0.4118,-0.9113,0.0000,0.0000,-0.0000,1.0000,-10.4743,-11.7042,0.0000
-0.8836,0.4682,0.0000,-0.4682,-0.8836,0.0000,0.0000,-0.0000,1.0000,-10.8258,-11.5453,0.0000
-0.8358,0.5491,0.0000,-0.5491,-0.8358,0.0000,0.0000,-0.0000,1.0000,-11.1685,-11.3637,0.0000
-0.7761,0.6306,0.0000,-0.6306,-0.7761,0.0000,0.0000,-0.0000,1.0000,-11.4924,-11.1510,0.0000
-0.7135,0.7007,0.0000,-0.7007,-0.7135,0.0000,0.0000,-0.0000,1.0000,-11.7933,-10.9065,0.0000
-0.6289,0.7775,0.0000,-0.7775,-0.6289,0.0000,0.0000,-0.0000,1.0000,-12.0668,-10.6378,0.0000
-0.5200,0.8542,0.0000,-0.8542,-0.5200,0.0000,0.0000,-0.0000,1.0000,-12.3031,-10.3457,0.0000
-0.4185,0.9082,0.0000,-0.9082,-0.4185,0.0000,0.0000,-0.0000,1.0000,-12.4980,-10.0256,0.0000
-0.3193,0.9476,0.0000,-0.9476,-0.3193,0.0000,0.0000,-0.0000,1.0000,-12.6559,-9.6828,0.0000
-0.1973,0.9804,0.0000,-0.9804,-0.1973,0.0000,0.0000,-0.0000,1.0000,-12.7754,-9.3284,0.0000
-0.0768,0.9970,0.0000,-0.9970,-0.0768,0.0000,0.0000,-0.0000,1.0000,-12.8486,-8.9643,0.0000
0.0174,0.9998,0.0000,-0.9998,0.0174,0.0000,0.0000,-0.0000,1.0000,-12.8776,-8.5881,0.0000
0.1053,0.9944,0.0000,-0.9944,0.1053,0.0000,0.0000,-0.0000,1.0000,-12.8709,-8.2036,0.0000
0.1944,0.9809,0.0000,-0.9809,0.1944,0.0000,0.0000,-0.0000,1.0000,-12.8301,-7.8179,0.0000
0.2641,0.9645,0.0000,-0.9645,0.2641,0.0000,0.0000,-0.0000,1.0000,-12.7543,-7.4354,0.0000
0.3114,0.9503,0.0000,-0.9503,0.3114,0.0000,0.0000,-0.0000,1.0000,-12.6515,-7.0602,0.0000
0.3553,0.9348,0.0000,-0.9348,0.3553,0.0000,0.0000,-0.0000,1.0000,-12.5336,-6.7004,0.0000
0.3998,0.9166,0.0000,-0.9166,0.3998,0.0000,0.0000,-0.0000,1.0000,-12.4035,-6.3580,0.0000
0.4323,0.9017,0.0000,-0.9017,0.4323,0.0000,0.0000,-0.0000,1.0000,-12.2567,-6.0215,0.0000
0.4534,0.8913,0.0000,-0.8913,0.4534,0.0000,0.0000,-0.0000,1.0000,-12.0938,-5.6817,0.0000
0.4746,0.8802,0.0000,-0.8802,0.4746,0.0000,0.0000,-0.0000,1.0000,-11.9208,-5.3416,0.0000
0.4978,0.8673,0.0000,-0.8673,0.4978,0.0000,0.0000,-0.0000,1.0000,-11.7398,-5.0060,0.0000
0.5171,0.8559,0.0000,-0.8559,0.5171,0.0000,0.0000,-0.0000,1.0000,-11.5488,-4.6732,0.0000
0.5352,0.8447,0.0000,-0.8447,0.5352,0.0000,0.0000,-0.0000,1.0000,-11.3481,-4.3410,0.0000
0.5626,0.8267,0.0000,-0.8267,0.5626,0.0000,0.0000,-0.0000,1.0000,-11.1405,-4.0133,0.0000
0.5971,0.8022,0.0000,-0.8022,0.5971,0.0000,0.0000,-0.0000,1.0000,-10.9238,-3.6950,0.0000
0.6265,0.7794,0.0000,-0.7794,0.6265,0.0000,0.0000,-0.0000,1.0000,-10.6935,-3.3855,0.0000
0.6554,0.7553,0.0000,-0.7553,0.6554,0.0000,0.0000,-0.0000,1.0000,-10.4509,-3.0837,0.0000
0.7006,0.7135,0.0000,-0.7135,0.7006,0.0000,0.0000,-0.0000,1.0000,-10.2015,-2.7964,0.0000
0.7556,0.6551,0.0000,-0.6551,0.7556,0.0000,0.0000,-0.0000,1.0000,-9.9419,-2.5319,0.0000
0.7971,0.6038,0.0000,-0.6038,0.7971,0.0000,0.0000,-0.0000,1.0000,-9.6616,-2.2889,0.0000
0.8289,0.5595,0.0000,-0.5595,0.8289,0.0000,0.0000,-0.0000,1.0000,-9.3626,-2.0624,0.0000
0.8695,0.4939,0.0000,-0.4939,0.8695,0.0000,0.0000,-0.0000,1.0000,-9.0586,-1.8572,0.0000
0.9126,0.4088,0.0000,-0.4088,0.9126,0.0000,0.0000,-0.0000,1.0000,-8.7518,-1.6830,0.0000
0.9398,0.3418,0.0000,-0.3418,0.9398,0.0000,0.0000,-0.0000,1.0000,-8.4282,-1.5380,0.0000
0.9552,0.2958,0.0000,-0.2958,0.9552,0.0000,0.0000,-0.0000,1.0000,-8.0842,-1.4129,0.0000
0.9698,0.2441,0.0000,-0.2441,0.9698,0.0000,0.0000,-0.0000,1.0000,-7.7339,-1.3044,0.0000
0.9829,0.1839,0.0000,-0.1839,0.9829,0.0000,0.0000,-0.0000,1.0000,-7.3850,-1.2166,0.0000
0.9905,0.1376,0.0000,-0.1376,0.9905,0.0000,0.0000,-0.0000,1.0000,-7.0281,-1.1498,0.0000
0.9942,0.1079,0.0000,-0.1079,0.9942,0.0000,0.0000,-0.0000,1.0000,-6.6570,-1.0983,0.0000
0.9968,0.0804,0.0000,-0.0804,0.9968,0.0000,0.0000,-0.0000,1.0000,-6.2789,-1.0572,0.0000
0.9987,0.0509,0.0000,-0.0509,0.9987,0.0000,0.0000,-0.0000,1.0000,-5.8998,-1.0267,0.0000
0.9996,0.0271,0.0000,-0.0271,0.9996,0.0000,0.0000,-0.0000,1.0000,-5.5172,-1.0071,0.0000
1.0000,0.0084,0.0000,-0.0084,1.0000,0.0000,0.0000,-0.0000,1.0000,-5.1290,-0.9966,0.0000
0.9999,-0.0144,0.0000,0.0144,0.9999,0.0000,0.0000,-0.0000,1.0000,-4.7386,-0.9933,0.0000
0.9991,-0.0417,0.0000,0.0417,0.9991,0.0000,0.0000,-0.0000,1.0000,-4.3488,-0.9989,0.0000
0.9978,-0.0658,0.0000,0.0658,0.9978,0.0000,0.0000,-0.0000,1.0000,-3.9584,-1.0152,0.0000
0.9958,-0.0916,0.0000,0.0916,0.9958,0.0000,0.0000,-0.0000,1.0000,-3.5682,-1.0410,0.0000
0.9908,-0.1357,0.0000,0.1357,0.9908,0.0000,0.0000,-0.0000,1.0000,-3.1849,-1.0762,0.0000
0.9812,-0.1932,0.0000,0.1932,0.9812,0.0000,0.0000,-0.0000,1.0000,-2.8116,-1.1273,0.0000
0.9704,-0.2416,0.0000,0.2416,0.9704,0.0000,0.0000,-0.0000,1.0000,-2.4421,-1.2001,0.0000
0.9577,-0.2877,0.0000,0.2877,0.9577,0.0000,0.0000,-0.0000,1.0000,-2.0759,-1.2913,0.0000
0.9318,-0.3631,0.0000,0.3631,0.9318,0.0000,0.0000,-0.0000,1.0000,-1.7285,-1.3957,0.0000
0.8895,-0.4569,0.0000,0.4569,0.8895,0.0000,0.0000,-0.0000,1.0000,-1.4086,-1.5203,0.0000
0.8492,-0.5281,0.0000,0.5281,0.8492,0.0000,0.0000,-0.0000,1.0000,-1.1020,-1.6778,0.0000
0.8109,-0.5852,0.0000,0.5852,0.8109,0.0000,0.0000,-0.0000,1.0000,-0.7952,-1.8685,0.0000
0.7617,-0.6479,0.0000,0.6479,0.7617,0.0000,0.0000,-0.0000,1.0000,-0.4928,-2.0868,0.0000
0.7100,-0.7042,0.0000,0.7042,0.7100,0.0000,0.0000,-0.0000,1.0000,-0.2040,-2.3324,0.0000
0.6712,-0.7413,0.0000,0.7413,0.6712,0.0000,0.0000,-0.0000,1.0000,0.0684,-2.6026,0.0000
0.6394,-0.7688,0.0000,0.7688,0.6394,0.0000,0.0000,-0.0000,1.0000,0.3226,-2.8834,0.0000
0.6035,-0.7974,0.0000,0.7974,0.6035,0.0000,0.0000,-0.0000,1.0000,0.5542,-3.1618,0.0000
0.5710,-0.8210,0.0000,0.8210,0.5710,0.0000,0.0000,-0.0000,1.0000,0.7677,-3.4440,0.0000
0.5503,-0.8350,0.0000,0.8350,0.5503,0.0000,0.0000,-0.0000,1.0000,0.9752,-3.7422,0.0000
0.5347,-0.8450,0.0000,0.8450,0.5347,0.0000,0.0000,-0.0000,1.0000,1.1811,-4.0546,0.0000
0.5171,-0.8559,0.0000,0.8559,0.5171,0.0000,0.0000,-0.0000,1.0000,1.3819,-4.3720,0.0000
0.5002,-0.8659,0.0000,0.8659,0.5002,0.0000,0.0000,-0.0000,1.0000,1.5763,-4.6938,0.0000
0.4866,-0.8736,0.0000,0.8736,0.4866,0.0000,0.0000,-0.0000,1.0000,1.7672,-5.0242,0.0000
0.4691,-0.8831,0.0000,0.8831,0.4691,0.0000,0.0000,-0.0000,1.0000,1.9546,-5.3606,0.0000
0.4421,-0.8970,0.0000,0.8970,0.4421,0.0000,0.0000,-0.0000,1.0000,2.1338,-5.6981,0.0000
0.4135,-0.9105,0.0000,0.9105,0.4135,0.0000,0.0000,-0.0000,1.0000,2.3019,-6.0392,0.0000
0.3883,-0.9215,0.0000,0.9215,0.3883,0.0000,0.0000,-0.0000,1.0000,2.4604,-6.3881,0.0000
0.3499,-0.9368,0.0000,0.9368,0.3499,0.0000,0.0000,-0.0000,1.0000,2.6079,-6.7383,0.0000
0.2849,-0.9586,0.0000,0.9586,0.2849,0.0000,0.0000,-0.0000,1.0000,2.7361,-7.0816,0.0000
0.2157,-0.9764,0.0000,0.9764,0.2157,0.0000,0.0000,-0.0000,1.0000,2.8385,-7.4259,0.0000
0.1549,-0.9879,0.0000,0.9879,0.1549,0.0000,0.0000,-0.0000,1.0000,2.9176,-7.7841,0.0000
0.0803,-0.9968,0.0000,0.9968,0.0803,0.0000,0.0000,-0.0000,1.0000,2.9759,-8.1559,0.0000
-0.0083,-1.0000,0.0000,1.0000,-0.0083,-0.0000,0.0000,-0.0000,1.0000,3.0064,-8.5348,0.0000
-0.0830,-0.9965,0.0000,0.9965,-0.0830,-0.0000,0.0000,-0.0000,1.0000,3.0033,-8.9182,0.0000
-0.1383,-0.9904,0.0000,0.9904,-0.1383,-0.0000,0.0000,-0.0000,1.0000,2.9712,-9.3031,0.0000
-0.1858,-0.9826,0.0000,0.9826,-0.1858,-0.0000,0.0000,-0.0000,1.0000,2.9179,-9.6846,0.0000
-0.2225,-0.9749,0.0000,0.9749,-0.2225,-0.0000,0.0000,-0.0000,1.0000,2.8464,-10.0626,0.0000
-0.2348,-0.9720,0.0000,0.9720,-0.2348,-0.0000,0.0000,-0.0000,1.0000,2.7606,-10.4389,0.0000
-0.2130,-0.9770,0.0000,0.9770,-0.2130,-0.0000,0.0000,-0.0000,1.0000,2.6706,-10.8115,0.0000
-0.1629,-0.9866,0.0000,0.9866,-0.1629,-0.0000,0.0000,-0.0000,1.0000,2.5902,-11.1803,0.0000
-0.0702,-0.9975,0.0000,0.9975,-0.0702,-0.0000,0.0000,-0.0000,1.0000,2.5298,-11.5461,0.0000
0.1439,-0.9896,0.0000,0.9896,0.1439,0.0000,0.0000,-0.0000,1.0000,2.5053,-11.8934,0.0000
0.5350,-0.8448,0.0000,0.8448,0.5350,0.0000,0.0000,-0.0000,1.0000,2.5490,-12.1939,0.0000
0.9125,-0.4090,0.0000,0.4090,0.9125,0.0000,0.0000,-0.0000,1.0000,2.6872,-12.4122,0.0000
0.9977,0.0671,0.0000,-0.0671,0.9977,0.0000,0.0000,-0.0000,1.0000,2.9124,-12.5131,0.0000
0.9282,0.3721,0.0000,-0.3721,0.9282,0.0000,0.0000,-0.0000,1.0000,3.1843,-12.4948,0.0000
0.8380,0.5456,0.0000,-0.5456,0.8380,0.0000,0.0000,-0.0000,1.0000,3.4646,-12.3825,0.0000
0.7788,0.6273,0.0000,-0.6273,0.7788,0.0000,0.0000,-0.0000,1.0000,3.7422,-12.2018,0.0000
0.7544,0.6564,0.0000,-0.6564,0.7544,0.0000,0.0000,-0.0000,1.0000,4.0163,-11.9810,0.0000
0.7517,0.6595,0.0000,-0.6595,0.7517,0.0000,0.0000,-0.0000,1.0000,4.2845,-11.7477,0.0000
0.7570,0.6534,0.0000,-0.6534,0.7570,0.0000,0.0000,-0.0000,1.0000,4.5529,-11.5121,0.0000
0.7657,0.6432,0.0000,-0.6432,0.7657,0.0000,0.0000,-0.0000,1.0000,4.8302,-11.2728,0.0000
0.7875,0.6163,0.0000,-0.6163,0.7875,0.0000,0.0000,-0.0000,1.0000,5.1107,-11.0372,0.0000
0.8264,0.5631,0.0000,-0.5631,0.8264,0.0000,0.0000,-0.0000,1.0000,5.3863,-10.8215,0.0000
0.8613,0.5082,0.0000,-0.5082,0.8613,0.0000,0.0000,-0.0000,1.0000,5.6684,-10.6293,0.0000
0.8818,0.4716,0.0000,-0.4716,0.8818,0.0000,0.0000,-0.0000,1.0000,5.9720,-10.4501,0.0000
0.8992,0.4376,0.0000,-0.4376,0.8992,0.0000,0.0000,-0.0000,1.0000,6.2890,-10.2806,0.0000
0.9205,0.3909,0.0000,-0.3909,0.9205,0.0000,0.0000,-0.0000,1.0000,6.6030,-10.1278,0.0000
0.9376,0.3476,0.0000,-0.3476,0.9376,0.0000,0.0000,-0.0000,1.0000,6.9196,-9.9933,0.0000
0.9445,0.3285,0.0000,-0.3285,0.9445,0.0000,0.0000,-0.0000,1.0000,7.2551,-9.8690,0.0000
0.9418,0.3361,0.0000,-0.3361,0.9418,0.0000,0.0000,-0.0000,1.0000,7.6113,-9.7450,0.0000
0.9315,0.3637,0.0000,-0.3637,0.9315,0.0000,0.0000,-0.0000,1.0000,7.9785,-9.6140,0.0000
0.9068,0.4216,0.0000,-0.4216,0.9068,0.0000,0.0000,-0.0000,1.0000,8.3443,-9.4712,0.0000
0.8408,0.5414,0.0000,-0.5414,0.8408,0.0000,0.0000,-0.0000,1.0000,8.6915,-9.3098,0.0000
0.6851,0.7285,0.0000,-0.7285,0.6851,0.0000,0.0000,-0.0000,1.0000,8.9919,-9.1164,0.0000
0.3078,0.9515,0.0000,-0.9515,0.3078,0.0000,0.0000,-0.0000,1.0000,9.2050,-8.8898,0.0000
-0.3081,0.9514,0.0000,-0.9514,-0.3081,0.0000,0.0000,-0.0000,1.0000,9.2830,-8.6484,0.0000
-0.6969,0.7172,0.0000,-0.7172,-0.6969,0.0000,0.0000,-0.0000,1.0000,9.2067,-8.4127,0.0000
-0.8538,0.5206,0.0000,-0.5206,-0.8538,0.0000,0.0000,-0.0000,1.0000,9.0008,-8.2009,0.0000
-0.9147,0.4041,0.0000,-0.4041,-0.9147,0.0000,0.0000,-0.0000,1.0000,8.7098,-8.0235,0.0000
-0.9377,0.3473,0.0000,-0.3473,-0.9377,0.0000,0.0000,-0.0000,1.0000,8.3817,-7.8785,0.0000
-0.9454,0.3258,0.0000,-0.3258,-0.9454,0.0000,0.0000,-0.0000,1.0000,8.0524,-7.7566,0.0000
-0.9463,0.3233,0.0000,-0.3233,-0.9463,0.0000,0.0000,-0.0000,1.0000,7.7250,-7.6437,0.0000
-0.9409,0.3386,0.0000,-0.3386,-0.9409,0.0000,0.0000,-0.0000,1.0000,7.3855,-7.5278,0.0000
-0.9245,0.3812,0.0000,-0.3812,-0.9245,0.0000,0.0000,-0.0000,1.0000,7.0332,-7.4010,0.0000
-0.8972,0.4417,0.0000,-0.4417,-0.8972,0.0000,0.0000,-0.0000,1.0000,6.6787,-7.2548,0.0000
-0.8671,0.4982,0.0000,-0.4982,-0.8671,0.0000,0.0000,-0.0000,1.0000,6.3301,-7.0832,0.0000
-0.8328,0.5536,0.0000,-0.5536,-0.8328,0.0000,0.0000,-0.0000,1.0000,5.9905,-6.8880,0.0000
-0.7862,0.6180,0.0000,-0.6180,-0.7862,0.0000,0.0000,-0.0000,1.0000,5.6645,-6.6713,0.0000
-0.7361,0.6769,0.0000,-0.6769,-0.7361,0.0000,0.0000,-0.0000,1.0000,5.3574,-6.4300,0.0000
-0.6973,0.7168,0.0000,-0.7168,-0.6973,0.0000,0.0000,-0.0000,1.0000,5.0701,-6.1657,0.0000
-0.6638,0.7479,0.0000,-0.7479,-0.6638,0.0000,0.0000,-0.0000,1.0000,4.8035,-5.8918,0.0000
-0.6241,0.7813,0.0000,-0.7813,-0.6241,0.0000,0.0000,-0.0000,1.0000,4.5618,-5.6194,0.0000
-0.5874,0.8093,0.0000,-0.8093,-0.5874,0.0000,0.0000,-0.0000,1.0000,4.3400,-5.3418,0.0000
-0.5636,0.8260,0.0000,-0.8260,-0.5636,0.0000,0.0000,-0.0000,1.0000,4.1261,-5.0470,0.0000
-0.5455,0.8381,0.0000,-0.8381,-0.5455,0.0000,0.0000,-0.0000,1.0000,3.9150,-4.7377,0.0000
-0.5246,0.8514,0.0000,-0.8514,-0.5246,0.0000,0.0000,-0.0000,1.0000,3.7102,-4.4229,0.0000
-0.5044,0.8635,0.0000,-0.8635,-0.5044,0.0000,0.0000,-0.0000,1.0000,3.5130,-4.1030,0.0000
-0.4884,0.8726,0.0000,-0.8726,-0.4884,0.0000,0.0000,-0.0000,1.0000,3.3206,-3.7735,0.0000
-0.4690,0.8832,0.0000,-0.8832,-0.4690,0.0000,0.0000,-0.0000,1.0000,3.1321,-3.4367,0.0000
-0.4396,0.8982,0.0000,-0.8982,-0.4396,0.0000,0.0000,-0.0000,1.0000,2.9517,-3.0971,0.0000
-0.4086,0.9127,0.0000,-0.9127,-0.4086,0.0000,0.0000,-0.0000,1.0000,2.7831,-2.7527,0.0000
-0.3815,0.9243,0.0000,-0.9243,-0.3815,0.0000,0.0000,-0.0000,1.0000,2.6253,-2.4001,0.0000
-0.3427,0.9394,0.0000,-0.9394,-0.3427,0.0000,0.0000,-0.0000,1.0000,2.4783,-2.0441,0.0000
-0.2792,0.9602,0.0000,-0.9602,-0.2792,0.0000,0.0000,-0.0000,1.0000,2.3494,-1.6906,0.0000
-0.2127,0.9771,0.0000,-0.9771,-0.2127,0.0000,0.0000,-0.0000,1.0000,2.2457,-1.3340,0.0000
-0.1612,0.9869,0.0000,-0.9869,-0.1612,0.0000,0.0000,-0.0000,1.0000,2.1658,-0.9672,0.0000
-0.1003,0.9950,0.0000,-0.9950,-0.1003,0.0000,0.0000,-0.0000,1.0000,2.1056,-0.5983,0.0000
-0.0082,1.0000,0.0000,-1.0000,-0.0082,0.0000,0.0000,-0.0000,1.0000,2.0696,-0.2412,0.0000
0.0811,0.9967,0.0000,-0.9967,0.0811,0.0000,0.0000,-0.0000,1.0000,2.0667,0.1096,0.0000
0.1399,0.9902,0.0000,-0.9902,0.1399,0.0000,0.0000,-0.0000,1.0000,2.0959,0.4683,0.0000
0.1918,0.9814,0.0000,-0.9814,0.1918,0.0000,0.0000,-0.0000,1.0000,2.1471,0.8307,0.0000
0.2591,0.9658,0.0000,-0.9658,0.2591,0.0000,0.0000,-0.0000,1.0000,2.2156,1.1814,0.0000
0.3212,0.9470,0.0000,-0.9470,0.3212,0.0000,0.0000,-0.0000,1.0000,2.3070,1.5218,0.0000
0.3601,0.9329,0.0000,-0.9329,0.3601,0.0000,0.0000,-0.0000,1.0000,2.4235,1.8654,0.0000
0.3884,0.9215,0.0000,-0.9215,0.3884,0.0000,0.0000,-0.0000,1.0000,2.5578,2.2133,0.0000
0.4194,0.9078,0.0000,-0.9078,0.4194,0.0000,0.0000,-0.0000,1.0000,2.7025,2.5565,0.0000
0.4478,0.8941,0.0000,-0.8941,0.4478,0.0000,0.0000,-0.0000,1.0000,2.8585,2.8942,0.0000
0.4674,0.8840,0.0000,-0.8840,0.4674,0.0000,0.0000,-0.0000,1.0000,3.0280,3.2326,0.0000
0.4842,0.8749,0.0000,-0.8749,0.4842,0.0000,0.0000,-0.0000,1.0000,3.2076,3.5723,0.0000
0.5045,0.8634,0.0000,-0.8634,0.5045,0.0000,0.0000,-0.0000,1.0000,3.3934,3.9081,0.0000
0.5243,0.8515,0.0000,-0.8515,0.5243,0.0000,0.0000,-0.0000,1.0000,3.5868,4.2389,0.0000
0.5410,0.8410,0.0000,-0.8410,0.5410,0.0000,0.0000,-0.0000,1.0000,3.7893,4.5679,0.0000
0.5647,0.8253,0.0000,-0.8253,0.5647,0.0000,0.0000,-0.0000,1.0000,3.9980,4.8924,0.0000
0.6020,0.7985,0.0000,-0.7985,0.6020,0.0000,0.0000,-0.0000,1.0000,4.2116,5.2045,0.0000
0.6393,0.7690,0.0000,-0.7690,0.6393,0.0000,0.0000,-0.0000,1.0000,4.4368,5.5031,0.0000
0.6689,0.7433,0.0000,-0.7433,0.6689,0.0000,0.0000,-0.0000,1.0000,4.6780,5.7933,0.0000
0.7091,0.7051,0.0000,-0.7051,0.7091,0.0000,0.0000,-0.0000,1.0000,4.9273,6.0703,0.0000
0.7704,0.6375,0.0000,-0.6375,0.7704,0.0000,0.0000,-0.0000,1.0000,5.1781,6.3197,0.0000
0.8253,0.5647,0.0000,-0.5647,0.8253,0.0000,0.0000,-0.0000,1.0000,5.4429,6.5388,0.0000
0.8632,0.5049,0.0000,-0.5049,0.8632,0.0000,0.0000,-0.0000,1.0000,5.7358,6.7393,0.0000
0.8997,0.4365,0.0000,-0.4365,0.8997,0.0000,0.0000,-0.0000,1.0000,6.0549,6.9259,0.0000
0.9347,0.3556,0.0000,-0.3556,0.9347,0.0000,0.0000,-0.0000,1.0000,6.3940,7.0904,0.0000
0.9577,0.2877,0.0000,-0.2877,0.9577,0.0000,0.0000,-0.0000,1.0000,6.7509,7.2262,0.0000
0.9710,0.2392,0.0000,-0.2392,0.9710,0.0000,0.0000,-0.0000,1.0000,7.1178,7.3364,0.0000
0.9819,0.1895,0.0000,-0.1895,0.9819,0.0000,0.0000,-0.0000,1.0000,7.4776,7.4251,0.0000
0.9907,0.1361,0.0000,-0.1361,0.9907,0.0000,0.0000,-0.0000,1.0000,7.8263,7.4924,0.0000
0.9953,0.0973,0.0000,-0.0973,0.9953,0.0000,0.0000,-0.0000,1.0000,8.1795,7.5409,0.0000
0.9973,0.0735,0.0000,-0.0735,0.9973,0.0000,0.0000,-0.0000,1.0000,8.5477,7.5769,0.0000
0.9987,0.0516,0.0000,-0.0516,0.9987,0.0000,0.0000,-0.0000,1.0000,8.9244,7.6046,0.0000
0.9996,0.0279,0.0000,-0.0279,0.9996,0.0000,0.0000,-0.0000,1.0000,9.3026,7.6242,0.0000
1.0000,0.0085,0.0000,-0.0085,1.0000,0.0000,0.0000,-0.0000,1.0000,9.6844,7.6348,0.0000
1.0000,-0.0081,0.0000,0.0081,1.0000,0.0000,0.0000,-0.0000,1.0000,10.0721,7.6381,0.0000
0.9995,-0.0312,0.0000,0.0312,0.9995,0.0000,0.0000,-0.0000,1.0000,10.4621,7.6350,0.0000
0.9982,-0.0601,0.0000,0.0601,0.9982,0.0000,0.0000,-0.0000,1.0000,10.8512,7.6228,0.0000
0.9963,-0.0860,0.0000,0.0860,0.9963,0.0000,0.0000,-0.0000,1.0000,11.2407,7.5994,0.0000
0.9934,-0.1146,0.0000,0.1146,0.9934,0.0000,0.0000,-0.0000,1.0000,11.6297,7.5658,0.0000
0.9863,-0.1647,0.0000,0.1647,0.9863,0.0000,0.0000,-0.0000,1.0000,12.0107,7.5218,0.0000
0.9729,-0.2313,0.0000,0.2313,0.9729,0.0000,0.0000,-0.0000,1.0000,12.3801,7.4602,0.0000
0.9559,-0.2936,0.0000,0.2936,0.9559,0.0000,0.0000,-0.0000,1.0000,12.7449,7.3734,0.0000
0.9314,-0.3640,0.0000,0.3640,0.9314,0.0000,0.0000,-0.0000,1.0000,13.1106,7.2611,0.0000
0.8889,-0.4581,0.0000,0.4581,0.8889,0.0000,0.0000,-0.0000,1.0000,13.4714,7.1201,0.0000
0.8337,-0.5522,0.0000,0.5522,0.8337,0.0000,0.0000,-0.0000,1.0000,13.8165,6.9422,0.0000
0.7741,-0.6331,0.0000,0.6331,0.7741,0.0000,0.0000,-0.0000,1.0000,14.1393,6.7284,0.0000
0.6916,-0.7223,0.0000,0.7223,0.6916,0.0000,0.0000,-0.0000,1.0000,14.4326,6.4886,0.0000
0.5840,-0.8117,0.0000,0.8117,0.5840,0.0000,0.0000,-0.0000,1.0000,14.6865,6.2234,0.0000
0.4854,-0.8743,0.0000,0.8743,0.4854,0.0000,0.0000,-0.0000,1.0000,14.9002,5.9263,0.0000
0.3903,-0.9207,0.0000,0.9207,0.3903,0.0000,0.0000,-0.0000,1.0000,15.0801,5.6024,0.0000
0.2721,-0.9623,0.0000,0.9623,0.2721,0.0000,0.0000,-0.0000,1.0000,15.2236,5.2640,0.0000
0.1558,-0.9878,0.0000,0.9878,0.1558,0.0000,0.0000,-0.0000,1.0000,15.3230,4.9124,0.0000
0.0670,-0.9978,0.0000,0.9978,0.0670,0.0000,0.0000,-0.0000,1.0000,15.3810,4.5444,0.0000
-0.0131,-0.9999,0.0000,0.9999,-0.0131,-0.0000,0.0000,-0.0000,1.0000,15.4065,4.1649,0.0000
-0.0928,-0.9957,0.0000,0.9957,-0.0928,-0.0000,0.0000,-0.0000,1.0000,15.4015,3.7815,0.0000
-0.1530,-0.9882,0.0000,0.9882,-0.1530,-0.0000,0.0000,-0.0000,1.0000,15.3657,3.3971,0.0000
-0.1854,-0.9827,0.0000,0.9827,-0.1854,-0.0000,0.0000,-0.0000,1.0000,15.3069,3.0175,0.0000
-0.1980,-0.9802,0.0000,0.9802,-0.1980,-0.0000,0.0000,-0.0000,1.0000,15.2388,2.6565,0.0000
-0.1991,-0.9800,0.0000,0.9800,-0.1991,-0.0000,0.0000,-0.0000,1.0000,15.1698,2.3153,0.0000
-0.1857,-0.9826,0.0000,0.9826,-0.1857,-0.0000,0.0000,-0.0000,1.0000,15.1007,1.9748,0.0000
-0.1284,-0.9917,0.0000,0.9917,-0.1284,-0.0000,0.0000,-0.0000,1.0000,15.0352,1.6286,0.0000
0.0110,-0.9999,0.0000,0.9999,0.0110,0.0000,0.0000,-0.0000,1.0000,14.9912,1.2882,0.0000
0.2685,-0.9633,0.0000,0.9633,0.2685,0.0000,0.0000,-0.0000,1.0000,14.9947,0.9622,0.0000
0.6705,-0.7419,0.0000,0.7419,0.6705,0.0000,0.0000,-0.0000,1.0000,15.0747,0.6752,0.0000
0.9749,-0.2228,0.0000,0.2228,0.9749,0.0000,0.0000,-0.0000,1.0000,15.2503,0.4809,0.0000
0.9704,0.2414,0.0000,-0.2414,0.9704,0.0000,0.0000,-0.0000,1.0000,15.5060,0.4225,0.0000
0.8769,0.4806,0.0000,-0.4806,0.8769,0.0000,0.0000,-0.0000,1.0000,15.7990,0.4954,0.0000
0.8000,0.6000,0.0000,-0.6000,0.8000,0.0000,0.0000,-0.0000,1.0000,16.0895,0.6546,0.0000
0.7479,0.6638,0.0000,-0.6638,0.7479,0.0000,0.0000,-0.0000,1.0000,16.3620,0.8590,0.0000
0.7227,0.6912,0.0000,-0.6912,0.7227,0.0000,0.0000,-0.0000,1.0000,16.6253,1.0926,0.0000
0.7246,0.6892,0.0000,-0.6892,0.7246,0.0000,0.0000,-0.0000,1.0000,16.8889,1.3447,0.0000
0.7478,0.6639,0.0000,-0.6639,0.7478,0.0000,0.0000,-0.0000,1.0000,17.1565,1.5992,0.0000
0.7762,0.6305,0.0000,-0.6305,0.7762,0.0000,0.0000,-0.0000,1.0000,17.4345,1.8460,0.0000
0.8040,0.5946,0.0000,-0.5946,0.8040,0.0000,0.0000,-0.0000,1.0000,17.7279,2.0844,0.0000
0.8400,0.5425,0.0000,-0.5425,0.8400,0.0000,0.0000,-0.0000,1.0000,18.0349,2.3115,0.0000
0.8798,0.4754,0.0000,-0.4754,0.8798,0.0000,0.0000,-0.0000,1.0000,18.3553,2.5184,0.0000
0.9092,0.4164,0.0000,-0.4164,0.9092,0.0000,0.0000,-0.0000,1.0000,18.6928,2.7008,0.0000
0.9281,0.3724,0.0000,-0.3724,0.9281,0.0000,0.0000,-0.0000,1.0000,19.0458,2.8624,0.0000
0.9421,0.3353,0.0000,-0.3353,0.9421,0.0000,0.0000,-0.0000,1.0000,19.4089,3.0082,0.0000
0.9519,0.3065,0.0000,-0.3065,0.9519,0.0000,0.0000,-0.0000,1.0000,19.7789,3.1398,0.0000
0.9540,0.2997,0.0000,-0.2997,0.9540,0.0000,0.0000,-0.0000,1.0000,20.1532,3.2603,0.0000
0.9450,0.3270,0.0000,-0.3270,0.9450,0.0000,0.0000,-0.0000,1.0000,20.5249,3.3771,0.0000
0.9240,0.3823,0.0000,-0.3823,0.9240,0.0000,0.0000,-0.0000,1.0000,20.8875,3.5025,0.0000
0.8796,0.4757,0.0000,-0.4757,0.8796,0.0000,0.0000,-0.0000,1.0000,21.2343,3.6460,0.0000
0.7444,0.6678,0.0000,-0.6678,0.7444,0.0000,0.0000,-0.0000,1.0000,21.5405,3.8116,0.0000
0.3773,0.9261,0.0000,-0.9261,0.3773,0.0000,0.0000,-0.0000,1.0000,21.7627,4.0109,0.0000
-0.2004,0.9797,0.0000,-0.9797,-0.2004,0.0000,0.0000,-0.0000,1.0000,21.8590,4.2473,0.0000
-0.6170,0.7870,0.0000,-0.7870,-0.6170,0.0000,0.0000,-0.0000,1.0000,21.8083,4.4950,0.0000
-0.8144,0.5803,0.0000,-0.5803,-0.8144,0.0000,0.0000,-0.0000,1.0000,21.6316,4.7204,0.0000
-0.9032,0.4291,0.0000,-0.4291,-0.9032,0.0000,0.0000,-0.0000,1.0000,21.3708,4.9062,0.0000
-0.9390,0.3439,0.0000,-0.3439,-0.9390,0.0000,0.0000,-0.0000,1.0000,21.0572,5.0552,0.0000
-0.9499,0.3124,0.0000,-0.3124,-0.9499,0.0000,0.0000,-0.0000,1.0000,20.7164,5.1801,0.0000
-0.9492,0.3148,0.0000,-0.3148,-0.9492,0.0000,0.0000,-0.0000,1.0000,20.3713,5.2936,0.0000
-0.9434,0.3316,0.0000,-0.3316,-0.9434,0.0000,0.0000,-0.0000,1.0000,20.0265,5.4079,0.0000
-0.9322,0.3619,0.0000,-0.3619,-0.9322,0.0000,0.0000,-0.0000,1.0000,19.6761,5.5311,0.0000
-0.9067,0.4217,0.0000,-0.4217,-0.9067,0.0000,0.0000,-0.0000,1.0000,19.3233,5.6681,0.0000
-0.8654,0.5010,0.0000,-0.5010,-0.8654,0.0000,0.0000,-0.0000,1.0000,18.9787,5.8283,0.0000
-0.8195,0.5731,0.0000,-0.5731,-0.8195,0.0000,0.0000,-0.0000,1.0000,18.6484,6.0195,0.0000
-0.7616,0.6481,0.0000,-0.6481,-0.7616,0.0000,0.0000,-0.0000,1.0000,18.3369,6.2374,0.0000
-0.6731,0.7395,0.0000,-0.7395,-0.6731,0.0000,0.0000,-0.0000,1.0000,18.0548,6.4774,0.0000
-0.5748,0.8183,0.0000,-0.8183,-0.5748,0.0000,0.0000,-0.0000,1.0000,17.8098,6.7466,0.0000
-0.4858,0.8741,0.0000,-0.8741,-0.4858,0.0000,0.0000,-0.0000,1.0000,17.5984,7.0475,0.0000
-0.3764,0.9264,0.0000,-0.9264,-0.3764,0.0000,0.0000,-0.0000,1.0000,17.4200,7.3685,0.0000
-0.2447,0.9696,0.0000,-0.9696,-0.2447,0.0000,0.0000,-0.0000,1.0000,17.2843,7.7026,0.0000
-0.1307,0.9914,0.0000,-0.9914,-0.1307,0.0000,0.0000,-0.0000,1.0000,17.1956,8.0540,0.0000
-0.0220,0.9998,0.0000,-0.9998,-0.0220,0.0000,0.0000,-0.0000,1.0000,17.1475,8.4190,0.0000
0.1120,0.9937,0.0000,-0.9937,0.1120,0.0000,0.0000,-0.0000,1.0000,17.1395,8.7843,0.0000
0.2399,0.9708,0.0000,-0.9708,0.2399,0.0000,0.0000,-0.0000,1.0000,17.1801,9.1448,0.0000
0.3429,0.9394,0.0000,-0.9394,0.3429,0.0000,0.0000,-0.0000,1.0000,17.2683,9.5019,0.0000
0.4555,0.8902,0.0000,-0.8902,0.4555,0.0000,0.0000,-0.0000,1.0000,17.3946,9.8478,0.0000
0.5751,0.8181,0.0000,-0.8181,0.5751,0.0000,0.0000,-0.0000,1.0000,17.5596,10.1701,0.0000
0.6654,0.7465,0.0000,-0.7465,0.6654,0.0000,0.0000,-0.0000,1.0000,17.7687,10.4677,0.0000
0.7374,0.6754,0.0000,-0.6754,0.7374,0.0000,0.0000,-0.0000,1.0000,18.0143,10.7432,0.0000
0.8107,0.5854,0.0000,-0.5854,0.8107,0.0000,0.0000,-0.0000,1.0000,18.2844,10.9906,0.0000
0.8690,0.4949,0.0000,-0.4949,0.8690,0.0000,0.0000,-0.0000,1.0000,18.5799,11.2040,0.0000
0.9034,0.4289,0.0000,-0.4289,0.9034,0.0000,0.0000,-0.0000,1.0000,18.9035,11.3882,0.0000
0.9253,0.3791,0.0000,-0.3791,0.9253,0.0000,0.0000,-0.0000,1.0000,19.2477,11.5516,0.0000
0.9416,0.3367,0.0000,-0.3367,0.9416,0.0000,0.0000,-0.0000,1.0000,19.6044,11.6978,0.0000
0.9505,0.3107,0.0000,-0.3107,0.9505,0.0000,0.0000,-0.0000,1.0000,19.9702,11.8286,0.0000
0.9487,0.3162,0.0000,-0.3162,0.9487,0.0000,0.0000,-0.0000,1.0000,20.3401,11.9495,0.0000
0.9347,0.3555,0.0000,-0.3555,0.9347,0.0000,0.0000,-0.0000,1.0000,20.7056,12.0713,0.0000
0.9066,0.4219,0.0000,-0.4219,0.9066,0.0000,0.0000,-0.0000,1.0000,21.0606,12.2063,0.0000
0.8313,0.5558,0.0000,-0.5558,0.8313,0.0000,0.0000,-0.0000,1.0000,21.3912,12.3602,0.0000
0.5993,0.8005,0.0000,-0.8005,0.5993,0.0000,0.0000,-0.0000,1.0000,21.6611,12.5406,0.0000
0.0969,0.9953,0.0000,-0.9953,0.0969,0.0000,0.0000,-0.0000,1.0000,21.8253,12.7600,0.0000
-0.4348,0.9005,0.0000,-0.9005,-0.4348,0.0000,0.0000,-0.0000,1.0000,21.8495,13.0079,0.0000
-0.7255,0.6882,0.0000,-0.6882,-0.7255,0.0000,0.0000,-0.0000,1.0000,21.7320,13.2512,0.0000
-0.8592,0.5116,0.0000,-0.5116,-0.8592,0.0000,0.0000,-0.0000,1.0000,21.5091,13.4626,0.0000
-0.9178,0.3970,0.0000,-0.3970,-0.9178,0.0000,0.0000,-0.0000,1.0000,21.2190,13.6354,0.0000
-0.9396,0.3423,0.0000,-0.3423,-0.9396,0.0000,0.0000,-0.0000,1.0000,20.8883,13.7784,0.0000
-0.9436,0.3311,0.0000,-0.3311,-0.9436,0.0000,0.0000,-0.0000,1.0000,20.5414,13.9048,0.0000
-0.9395,0.3425,0.0000,-0.3425,-0.9395,0.0000,0.0000,-0.0000,1.0000,20.1931,14.0270,0.0000
-0.9336,0.3584,0.0000,-0.3584,-0.9336,0.0000,0.0000,-0.0000,1.0000,19.8426,14.1548,0.0000
-0.9241,0.3821,0.0000,-0.3821,-0.9241,0.0000,0.0000,-0.0000,1.0000,19.4909,14.2898,0.0000
-0.9020,0.4317,0.0000,-0.4317,-0.9020,0.0000,0.0000,-0.0000,1.0000,19.1528,14.4296,0.0000
-0.8679,0.4967,0.0000,-0.4967,-0.8679,0.0000,0.0000,-0.0000,1.0000,18.8370,14.5807,0.0000
-0.8388,0.5444,0.0000,-0.5444,-0.8388,0.0000,0.0000,-0.0000,1.0000,18.5317,14.7555,0.0000
-0.8180,0.5753,0.0000,-0.5753,-0.8180,0.0000,0.0000,-0.0000,1.0000,18.2271,14.9532,0.0000
-0.7933,0.6088,0.0000,-0.6088,-0.7933,0.0000,0.0000,-0.0000,1.0000,17.9314,15.1612,0.0000
-0.7638,0.6455,0.0000,-0.6455,-0.7638,0.0000,0.0000,-0.0000,1.0000,17.6520,15.3755,0.0000
-0.7435,0.6688,0.0000,-0.6688,-0.7435,0.0000,0.0000,-0.0000,1.0000,17.3800,15.6054,0.0000
-0.7422,0.6702,0.0000,-0.6702,-0.7422,0.0000,0.0000,-0.0000,1.0000,17.1033,15.8543,0.0000
-0.7585,0.6517,0.0000,-0.6517,-0.7585,0.0000,0.0000,-0.0000,1.0000,16.8167,16.1130,0.0000
-0.7900,0.6131,0.0000,-0.6131,-0.7900,0.0000,0.0000,-0.0000,1.0000,16.5198,16.3682,0.0000
-0.8559,0.5171,0.0000,-0.5171,-0.8559,0.0000,0.0000,-0.0000,1.0000,16.2169,16.6033,0.0000
-0.9600,0.2801,0.0000,-0.2801,-0.9600,0.0000,0.0000,-0.0000,1.0000,15.9128,16.7870,0.0000
-0.9828,-0.1847,0.0000,0.1847,-0.9828,-0.0000,0.0000,-0.0000,1.0000,15.6148,16.8740,0.0000
-0.6983,-0.7158,0.0000,0.7158,-0.6983,-0.0000,0.0000,-0.0000,1.0000,15.3532,16.8248,0.0000
-0.2999,-0.9540,0.0000,0.9540,-0.2999,-0.0000,0.0000,-0.0000,1.0000,15.1681,16.6351,0.0000
-0.0351,-0.9994,0.0000,0.9994,-0.0351,-0.0000,0.0000,-0.0000,1.0000,15.0758,16.3413,0.0000
0.1046,-0.9945,0.0000,0.9945,0.1046,0.0000,0.0000,-0.0000,1.0000,15.0635,15.9921,0.0000
0.1670,-0.9860,0.0000,0.9860,0.1670,0.0000,0.0000,-0.0000,1.0000,15.1017,15.6291,0.0000
0.1876,-0.9822,0.0000,0.9822,0.1876,0.0000,0.0000,-0.0000,1.0000,15.1613,15.2768,0.0000
0.1893,-0.9819,0.0000,0.9819,0.1893,0.0000,0.0000,-0.0000,1.0000,15.2274,14.9307,0.0000
0.1799,-0.9837,0.0000,0.9837,0.1799,0.0000,0.0000,-0.0000,1.0000,15.2958,14.5763,0.0000
0.1436,-0.9896,0.0000,0.9896,0.1436,0.0000,0.0000,-0.0000,1.0000,15.3610,14.2195,0.0000
0.0702,-0.9975,0.0000,0.9975,0.0702,0.0000,0.0000,-0.0000,1.0000,15.4109,13.8757,0.0000
-0.0068,-1.0000,0.0000,1.0000,-0.0068,-0.0000,0.0000,-0.0000,1.0000,15.4347,13.5372,0.0000
-0.0742,-0.9972,0.0000,0.9972,-0.0742,-0.0000,0.0000,-0.0000,1.0000,15.4323,13.1849,0.0000
-0.1626,-0.9867,0.0000,0.9867,-0.1626,-0.0000,0.0000,-0.0000,1.0000,15.4050,12.8170,0.0000
-0.2706,-0.9627,0.0000,0.9627,-0.2706,-0.0000,0.0000,-0.0000,1.0000,15.3437,12.4454,0.0000
-0.3672,-0.9302,0.0000,0.9302,-0.3672,-0.0000,0.0000,-0.0000,1.0000,15.2407,12.0789,0.0000
-0.4632,-0.8863,0.0000,0.8863,-0.4632,-0.0000,0.0000,-0.0000,1.0000,15.1013,11.7256,0.0000
-0.5779,-0.8161,0.0000,0.8161,-0.5779,-0.0000,0.0000,-0.0000,1.0000,14.9299,11.3978,0.0000
-0.6790,-0.7341,0.0000,0.7341,-0.6790,-0.0000,0.0000,-0.0000,1.0000,14.7199,11.1012,0.0000
-0.7517,-0.6596,0.0000,0.6596,-0.7517,-0.0000,0.0000,-0.0000,1.0000,14.4709,10.8320,0.0000
-0.8211,-0.5708,0.0000,0.5708,-0.8211,-0.0000,0.0000,-0.0000,1.0000,14.1964,10.5911,0.0000
-0.8854,-0.4648,0.0000,0.4648,-0.8854,-0.0000,0.0000,-0.0000,1.0000,13.9025,10.3868,0.0000
-0.9264,-0.3765,0.0000,0.3765,-0.9264,-0.0000,0.0000,-0.0000,1.0000,13.5826,10.2189,0.0000
-0.9513,-0.3082,0.0000,0.3082,-0.9513,-0.0000,0.0000,-0.0000,1.0000,13.2364,10.0782,0.0000
-0.9706,-0.2407,0.0000,0.2407,-0.9706,-0.0000,0.0000,-0.0000,1.0000,12.8724,9.9603,0.0000
-0.9838,-0.1793,0.0000,0.1793,-0.9838,-0.0000,0.0000,-0.0000,1.0000,12.4965,9.8671,0.0000
-0.9907,-0.1362,0.0000,0.1362,-0.9907,-0.0000,0.0000,-0.0000,1.0000,12.1125,9.7971,0.0000
-0.9946,-0.1041,0.0000,0.1041,-0.9946,-0.0000,0.0000,-0.0000,1.0000,11.7288,9.7443,0.0000
-0.9975,-0.0712,0.0000,0.0712,-0.9975,-0.0000,0.0000,-0.0000,1.0000,11.3534,9.7051,0.0000
-0.9991,-0.0420,0.0000,0.0420,-0.9991,-0.0000,0.0000,-0.0000,1.0000,10.9818,9.6785,0.0000
-0.9998,-0.0214,0.0000,0.0214,-0.9998,-0.0000,0.0000,-0.0000,1.0000,10.6039,9.6627,0.0000
-1.0000,-0.0019,0.0000,0.0019,-1.0000,-0.0000,0.0000,-0.0000,1.0000,10.2185,9.6544,0.0000
-0.9997,0.0236,0.0000,-0.0236,-0.9997,0.0000,0.0000,-0.0000,1.0000,9.8309,9.6537,0.0000
-0.9988,0.0496,0.0000,-0.0496,-0.9988,0.0000,0.0000,-0.0000,1.0000,9.4425,9.6628,0.0000
-0.9974,0.0723,0.0000,-0.0723,-0.9974,0.0000,0.0000,-0.0000,1.0000,9.0520,9.6822,0.0000
-0.9946,0.1042,0.0000,-0.1042,-0.9946,0.0000,0.0000,-0.0000,1.0000,8.6620,9.7105,0.0000
-0.9880,0.1548,0.0000,-0.1548,-0.9880,0.0000,0.0000,-0.0000,1.0000,8.2777,9.7508,0.0000
-0.9783,0.2074,0.0000,-0.2074,-0.9783,0.0000,0.0000,-0.0000,1.0000,7.8986,9.8102,0.0000
-0.9682,0.2502,0.0000,-0.2502,-0.9682,0.0000,0.0000,-0.0000,1.0000,7.5215,9.8901,0.0000
-0.9527,0.3040,0.0000,-0.3040,-0.9527,0.0000,0.0000,-0.0000,1.0000,7.1517,9.9857,0.0000
-0.9228,0.3852,0.0000,-0.3852,-0.9228,0.0000,0.0000,-0.0000,1.0000,6.8004,10.0978,0.0000
-0.8862,0.4633,0.0000,-0.4633,-0.8862,0.0000,0.0000,-0.0000,1.0000,6.4669,10.2370,0.0000
-0.8565,0.5162,0.0000,-0.5162,-0.8565,0.0000,0.0000,-0.0000,1.0000,6.1411,10.4073,0.0000
-0.8240,0.5665,0.0000,-0.5665,-0.8240,0.0000,0.0000,-0.0000,1.0000,5.8245,10.5981,0.0000
-0.7744,0.6327,0.0000,-0.6327,-0.7744,0.0000,0.0000,-0.0000,1.0000,5.5296,10.8009,0.0000
-0.7224,0.6915,0.0000,-0.6915,-0.7224,0.0000,0.0000,-0.0000,1.0000,5.2575,11.0232,0.0000
-0.6865,0.7271,0.0000,-0.7271,-0.6865,0.0000,0.0000,-0.0000,1.0000,4.9965,11.2731,0.0000
-0.6573,0.7536,0.0000,-0.7536,-0.6573,0.0000,0.0000,-0.0000,1.0000,4.7419,11.5427,0.0000
-0.6218,0.7832,0.0000,-0.7832,-0.6218,0.0000,0.0000,-0.0000,1.0000,4.4996,11.8205,0.0000
-0.5873,0.8094,0.0000,-0.8094,-0.5873,0.0000,0.0000,-0.0000,1.0000,4.2713,12.1081,0.0000
-0.5633,0.8263,0.0000,-0.8263,-0.5633,0.0000,0.0000,-0.0000,1.0000,4.0512,12.4114,0.0000
-0.5440,0.8391,0.0000,-0.8391,-0.5440,0.0000,0.0000,-0.0000,1.0000,3.8358,12.7274,0.0000
-0.5219,0.8530,0.0000,-0.8530,-0.5219,0.0000,0.0000,-0.0000,1.0000,3.6274,13.0488,0.0000
-0.5002,0.8659,0.0000,-0.8659,-0.5002,0.0000,0.0000,-0.0000,1.0000,3.4274,13.3757,0.0000
-0.4826,0.8758,0.0000,-0.8758,-0.4826,0.0000,0.0000,-0.0000,1.0000,3.2339,13.7108,0.0000
-0.4606,0.8876,0.0000,-0.8876,-0.4606,0.0000,0.0000,-0.0000,1.0000,3.0461,14.0515,0.0000
-0.4271,0.9042,0.0000,-0.9042,-0.4271,0.0000,0.0000,-0.0000,1.0000,2.8683,14.3942,0.0000
-0.3915,0.9202,0.0000,-0.9202,-0.3915,0.0000,0.0000,-0.0000,1.0000,2.7041,14.7418,0.0000
-0.3604,0.9328,0.0000,-0.9328,-0.3604,0.0000,0.0000,-0.0000,1.0000,2.5528,15.0974,0.0000
-0.3156,0.9489,0.0000,-0.9489,-0.3156,0.0000,0.0000,-0.0000,1.0000,2.4144,15.4556,0.0000
-0.2419,0.9703,0.0000,-0.9703,-0.2419,0.0000,0.0000,-0.0000,1.0000,2.2968,15.8092,0.0000
-0.1654,0.9862,0.0000,-0.9862,-0.1654,0.0000,0.0000,-0.0000,1.0000,2.2081,16.1648,0.0000
-0.1059,0.9944,0.0000,-0.9944,-0.1059,0.0000,0.0000,-0.0000,1.0000,2.1468,16.5306,0.0000
-0.0302,0.9995,0.0000,-0.9995,-0.0302,0.0000,0.0000,-0.0000,1.0000,2.1079,16.8963,0.0000
0.0901,0.9959,0.0000,-0.9959,0.0901,0.0000,0.0000,-0.0000,1.0000,2.0974,17.2440,0.0000
0.2074,0.9783,0.0000,-0.9783,0.2074,0.0000,0.0000,-0.0000,1.0000,2.1277,17.5795,0.0000
0.2979,0.9546,0.0000,-0.9546,0.2979,0.0000,0.0000,-0.0000,1.0000,2.2000,17.9207,0.0000
0.4003,0.9164,0.0000,-0.9164,0.4003,0.0000,0.0000,-0.0000,1.0000,2.3081,18.2671,0.0000
0.5156,0.8568,0.0000,-0.8568,0.5156,0.0000,0.0000,-0.0000,1.0000,2.4552,18.6038,0.0000
0.6087,0.7934,0.0000,-0.7934,0.6087,0.0000,0.0000,-0.0000,1.0000,2.6470,18.9225,0.0000
0.6870,0.7267,0.0000,-0.7267,0.6870,0.0000,0.0000,-0.0000,1.0000,2.8763,19.2213,0.0000
0.7682,0.6402,0.0000,-0.6402,0.7682,0.0000,0.0000,-0.0000,1.0000,3.1333,19.4932,0.0000
0.8350,0.5502,0.0000,-0.5502,0.8350,0.0000,0.0000,-0.0000,1.0000,3.4191,19.7314,0.0000
0.8771,0.4803,0.0000,-0.4803,0.8771,0.0000,0.0000,-0.0000,1.0000,3.7348,19.9393,0.0000
0.9066,0.4219,0.0000,-0.4219,0.9066,0.0000,0.0000,-0.0000,1.0000,4.0727,20.1244,0.0000
0.9300,0.3675,0.0000,-0.3675,0.9300,0.0000,0.0000,-0.0000,1.0000,4.4255,20.2886,0.0000
0.9443,0.3291,0.0000,-0.3291,0.9443,0.0000,0.0000,-0.0000,1.0000,4.7897,20.4324,0.0000
0.9474,0.3200,0.0000,-0.3200,0.9474,0.0000,0.0000,-0.0000,1.0000,5.1604,20.5616,0.0000
0.9404,0.3402,0.0000,-0.3402,0.9404,0.0000,0.0000,-0.0000,1.0000,5.5307,20.6867,0.0000
0.9221,0.3870,0.0000,-0.3870,0.9221,0.0000,0.0000,-0.0000,1.0000,5.8951,20.8185,0.0000
0.8678,0.4970,0.0000,-0.4970,0.8678,0.0000,0.0000,-0.0000,1.0000,6.2421,20.9642,0.0000
0.6988,0.7153,0.0000,-0.7153,0.6988,0.0000,0.0000,-0.0000,1.0000,6.5418,21.1358,0.0000
0.2856,0.9583,0.0000,-0.9583,0.2856,0.0000,0.0000,-0.0000,1.0000,6.7508,21.3498,0.0000
-0.2764,0.9610,0.0000,-0.9610,-0.2764,0.0000,0.0000,-0.0000,1.0000,6.8249,21.5984,0.0000
-0.6464,0.7630,0.0000,-0.7630,-0.6464,0.0000,0.0000,-0.0000,1.0000,6.7534,21.8471,0.0000
-0.8302,0.5575,0.0000,-0.5575,-0.8302,0.0000,0.0000,-0.0000,1.0000,6.5709,22.0625,0.0000
-0.9081,0.4188,0.0000,-0.4188,-0.9081,0.0000,0.0000,-0.0000,1.0000,6.3134,22.2354,0.0000
-0.9354,0.3535,0.0000,-0.3535,-0.9354,0.0000,0.0000,-0.0000,1.0000,6.0057,22.3773,0.0000
-0.9427,0.3335,0.0000,-0.3335,-0.9427,0.0000,0.0000,-0.0000,1.0000,5.6766,22.5017,0.0000
-0.9424,0.3346,0.0000,-0.3346,-0.9424,0.0000,0.0000,-0.0000,1.0000,5.3444,22.6193,0.0000
-0.9397,0.3421,0.0000,-0.3421,-0.9397,0.0000,0.0000,-0.0000,1.0000,5.0059,22.7394,0.0000
-0.9326,0.3608,0.0000,-0.3608,-0.9326,0.0000,0.0000,-0.0000,1.0000,4.6607,22.8651,0.0000
-0.9131,0.4077,0.0000,-0.4077,-0.9131,0.0000,0.0000,-0.0000,1.0000,4.3263,22.9945,0.0000
-0.8823,0.4707,0.0000,-0.4707,-0.8823,0.0000,0.0000,-0.0000,1.0000,4.0133,23.1342,0.0000
-0.8562,0.5167,0.0000,-0.5167,-0.8562,0.0000,0.0000,-0.0000,1.0000,3.7085,23.2968,0.0000
-0.8366,0.5478,0.0000,-0.5478,-0.8366,0.0000,0.0000,-0.0000,1.0000,3.4015,23.4821,0.0000
-0.8105,0.5858,0.0000,-0.5858,-0.8105,0.0000,0.0000,-0.0000,1.0000,3.1031,23.6775,0.0000
-0.7773,0.6292,0.0000,-0.6292,-0.7773,0.0000,0.0000,-0.0000,1.0000,2.8225,23.8803,0.0000
-0.7526,0.6585,0.0000,-0.6585,-0.7526,0.0000,0.0000,-0.0000,1.0000,2.5505,24.1005,0.0000
-0.7439,0.6682,0.0000,-0.6682,-0.7439,0.0000,0.0000,-0.0000,1.0000,2.2787,24.3383,0.0000
-0.7508,0.6605,0.0000,-0.6605,-0.7508,0.0000,0.0000,-0.0000,1.0000,2.0137,24.5764,0.0000
-0.7695,0.6387,0.0000,-0.6387,-0.7695,0.0000,0.0000,-0.0000,1.0000,1.7559,24.8031,0.0000
